0 351
0 634
1 307
2 267
3 555
7 224
9 487
9 924
11 117
13 580
16 513
17 408
18 167
18 309
18 561
18 892
20 255
20 735
21 684
24 175
24 326
25 347
27 836
27 885
31 195
31 207
31 299
31 476
33 514
33 698
33 935
34 390
34 782
36 452
37 175
38 634
40 436
42 954
43 534
47 635
49 197
50 252
50 717
52 209
52 486
52 848
52 923
52 986
55 663
56 64
56 274
59 195
59 678
61 791
63 694
63 923
65 887
66 176
67 614
67 818
68 450
69 171
70 440
71 894
71 927
72 396
72 691
73 435
74 553
75 915
76 746
80 418
83 259
83 351
84 336
84 748
85 687
85 886
86 736
87 878
87 919
90 142
90 358
90 691
91 701
91 907
91 970
92 588
95 166
95 213
95 256
95 780
98 261
98 991
99 899
102 226
104 715
105 124
105 382
106 629
107 251
107 600
107 723
109 368
109 473
109 834
110 429
112 763
112 913
113 483
114 518
115 476
117 822
119 777
120 262
122 914
122 986
123 616
123 923
124 560
124 697
124 855
125 234
125 752
127 130
127 424
128 790
128 841
129 164
129 269
130 159
130 670
130 762
130 838
131 378
131 488
131 494
132 198
132 318
136 226
137 433
138 181
144 411
144 442
147 926
147 988
148 867
148 876
150 891
152 863
153 385
156 882
157 413
157 445
158 995
159 405
161 681
162 181
163 782
172 702
173 259
173 915
174 480
174 785
174 834
174 914
175 666
178 217
179 250
179 917
181 960
184 447
189 675
190 292
191 691
192 476
192 971
193 542
194 564
195 384
195 814
196 394
198 576
201 302
201 812
201 936
203 272
203 606
203 952
204 589
204 597
204 749
206 375
206 453
206 574
207 438
207 817
210 598
210 690
211 415
211 801
213 525
216 217
216 323
218 909
220 360
220 498
224 716
225 885
227 395
227 946
229 349
229 722
232 322
232 804
233 983
237 647
237 845
237 999
240 412
240 658
242 918
244 415
244 809
247 258
249 263
250 963
251 284
251 403
253 329
253 888
254 704
254 865
259 373
260 498
264 342
264 544
268 880
269 630
269 790
270 494
271 653
274 432
277 894
278 752
279 503
280 579
281 695
281 920
282 843
283 998
285 733
287 363
288 371
290 648
292 401
293 946
297 798
299 616
301 764
303 413
303 873
304 657
304 831
305 635
306 455
306 519
307 765
308 322
310 668
311 749
311 814
312 667
314 470
315 426
316 973
320 772
322 749
323 536
323 778
323 991
327 519
327 993
333 790
334 676
335 337
336 519
336 705
340 742
340 818
343 618
350 974
351 639
354 902
355 420
358 822
358 921
361 417
361 433
362 405
362 516
362 894
362 949
368 690
371 642
372 699
372 718
374 666
377 950
381 482
383 390
386 618
389 784
390 581
390 721
390 879
391 623
391 710
399 438
399 707
401 780
403 666
404 909
405 933
406 444
406 996
407 800
408 649
408 849
409 895
410 724
413 841
415 673
415 953
418 870
419 744
420 659
420 961
421 974
424 769
426 484
428 549
428 960
431 508
432 575
432 676
432 691
433 563
435 529
437 712
437 860
441 713
442 642
445 742
445 991
446 506
446 694
448 754
448 941
448 989
452 658
454 518
457 722
461 902
462 648
465 566
465 953
471 644
473 611
474 907
475 665
475 985
476 531
476 793
476 909
477 945
479 819
480 795
484 661
484 809
485 545
486 530
486 844
489 520
491 924
493 575
494 764
497 883
501 881
502 704
507 613
508 776
508 920
510 620
512 737
515 696
516 547
516 654
516 765
516 952
516 967
519 767
520 576
520 956
522 901
524 710
527 806
533 580
534 738
536 588
536 867
539 879
541 601
544 857
545 987
546 817
546 989
548 578
549 958
553 986
555 620
555 958
556 597
556 873
557 701
562 588
564 917
570 608
572 810
572 854
576 670
577 967
578 922
580 755
581 827
582 880
583 586
585 700
586 770
586 949
593 673
601 618
601 867
602 633
611 947
612 717
614 976
635 777
637 686
638 797
651 828
652 752
652 886
653 885
655 768
660 717
663 674
667 950
669 919
671 933
674 944
675 908
677 962
682 848
685 893
686 717
698 827
698 980
699 892
700 712
701 948
706 999
727 755
729 891
734 766
734 811
735 788
743 754
747 897
748 973
750 895
759 912
761 842
762 895
763 838
764 782
766 940
770 823
770 936
771 939
778 829
778 925
784 933
788 812
799 945
801 808
801 824
804 841
804 996
806 927
807 971
819 901
821 914
848 933
854 896
856 903
860 885
860 907
869 969
871 933
877 887
878 975
884 970
885 902
887 976
894 950
908 936
911 964
926 961
935 983
935 989
938 987
954 992
978 986
