0 4888
1 646
1 1047
2 2823
2 3364
2 5623
2 5652
3 691
3 4336
3 7586
6 2140
6 5995
7 1405
7 9389
8 4086
9 5402
9 8202
10 3392
10 8474
12 3329
13 3017
13 5709
14 3772
17 5363
18 807
19 3021
21 5737
21 6696
22 4139
22 7025
22 7199
23 2091
24 1155
24 4358
25 3533
25 5755
26 6245
27 7395
27 8528
28 1928
28 5254
30 4805
32 6202
33 261
34 5339
34 8723
36 9171
38 2679
39 432
41 8372
44 3281
45 1810
45 5206
45 6538
46 3511
47 7154
50 4679
50 6692
51 1809
51 5281
51 7868
53 7534
55 7003
57 5564
58 7151
58 7801
60 1305
62 5686
63 5856
63 6294
64 2120
65 9757
66 1033
67 2748
67 5439
71 4216
72 2607
72 2925
72 8610
74 6229
76 7158
78 4993
78 5322
79 6716
80 9868
82 5976
82 9835
83 9828
85 5087
87 1326
88 8910
89 2181
89 5800
91 2079
91 3720
92 4226
93 1213
94 648
95 7603
96 2072
97 8293
100 2059
100 3426
102 7015
106 7573
107 5448
109 5994
110 3444
110 7272
110 7729
113 6192
113 6419
114 3604
116 3173
116 4928
117 488
117 5112
117 9032
117 9159
118 1004
118 1518
122 4220
122 5730
123 4807
125 5821
125 7145
127 8426
130 1509
130 8615
132 1264
132 3942
134 1577
138 527
139 1635
139 2228
141 7710
142 4460
142 8043
142 9456
143 2210
145 8279
146 8864
147 3958
147 4403
148 1625
148 2034
149 1091
150 2565
150 3799
150 5920
153 5004
154 7872
155 6211
156 4407
157 8343
158 4944
159 219
159 6652
160 1289
161 9022
162 6088
163 5961
165 1098
165 8111
166 2032
166 2135
168 9750
170 756
170 2051
170 6487
173 4939
173 5386
173 9905
174 856
176 7980
178 4006
179 6444
179 6752
180 7020
181 4547
185 2059
185 9351
187 4121
188 6648
189 1515
189 2229
189 4176
191 4693
191 6096
191 7562
192 2214
192 2618
192 6775
193 2502
193 4645
193 6633
193 9687
196 2078
196 6344
196 9922
197 7967
197 8880
197 9270
199 3555
200 4859
202 9578
203 795
203 6679
205 6115
206 2007
206 9829
210 2100
210 6434
211 3475
211 8721
212 5163
215 3173
216 8391
216 9233
218 4937
218 6802
219 4774
220 4482
221 2884
222 1165
224 8120
225 6353
227 4955
228 3469
232 8137
234 5524
235 692
236 2433
237 6380
239 4077
239 5540
241 1828
241 9618
243 9277
244 427
244 7897
246 7001
247 7462
248 3545
251 8654
253 1480
254 2330
254 2557
255 6552
256 3066
257 3414
257 6301
257 6661
257 9963
259 4864
260 2864
263 2758
264 7706
264 9366
266 454
266 3586
267 9463
268 2906
269 2915
270 1436
272 5585
272 9753
275 1773
275 7641
275 8700
277 6223
279 996
282 331
283 2395
283 6852
286 8880
287 4278
287 9295
291 6578
292 9724
293 3886
296 7987
297 1757
298 1216
298 4069
298 4787
298 9339
299 5997
304 2472
304 3332
306 3664
306 7180
307 1037
307 1609
308 4681
308 5403
308 8621
309 311
309 2370
311 819
311 2274
312 6568
313 7118
313 7761
318 5279
319 5712
322 3705
322 7823
322 8664
323 2545
323 4666
324 8386
326 4028
326 9206
327 8736
328 615
328 7073
329 579
331 750
331 4251
331 8025
333 1784
336 6212
340 1380
340 3258
341 1609
341 2914
341 6026
342 5791
345 7458
346 7175
347 1079
347 7054
350 3396
353 2330
355 2389
355 3797
356 1308
356 2102
356 2484
356 2713
356 3216
357 1215
358 3258
360 9046
363 9709
365 4619
366 572
366 6502
369 5872
370 7080
370 9801
371 6208
372 4534
373 8599
377 7677
378 2400
380 6788
380 7540
381 2412
381 9138
383 4468
384 5432
386 2505
386 9511
388 927
389 2868
389 8672
390 2057
392 6277
394 1933
396 8513
396 9862
397 6356
398 9529
400 4914
403 2228
403 5549
403 8244
404 5861
404 6840
409 3962
411 1322
411 9590
412 2433
412 7824
417 1244
417 4198
419 9457
420 5447
421 3729
422 1319
422 7787
422 8560
424 4066
424 7639
425 7397
428 1318
428 2705
428 5303
429 8558
430 9069
431 7338
431 9887
432 7377
432 9114
433 4954
434 2145
434 2585
437 1781
438 2308
441 7853
442 9373
443 1633
443 8702
444 7075
446 1615
447 3095
447 4516
449 763
449 4391
450 5465
450 7375
450 7763
453 7522
454 7344
455 2648
455 3765
456 5451
456 8319
457 1014
458 3385
458 6006
459 1450
459 6803
460 763
460 6070
460 6840
461 767
461 9891
463 1909
463 8223
464 7716
465 6700
465 9211
466 3152
468 9372
469 3412
469 9053
470 2986
470 9256
471 5434
471 7097
473 5394
479 4149
480 2067
480 3754
481 5885
485 4826
485 6830
486 5676
486 6001
488 1104
488 5430
490 8851
492 916
493 3959
498 3195
498 6228
501 7069
503 4275
505 9316
507 1839
507 3864
511 7082
512 608
513 957
513 7310
513 8722
515 5961
516 3422
517 2012
519 2692
519 7721
521 1850
521 8695
524 4582
529 8954
530 552
530 4580
530 5035
531 2715
532 7670
533 4618
534 8524
535 6145
538 2416
538 7159
539 4208
539 8255
540 7474
542 6503
544 1039
544 5306
544 6005
546 622
546 1656
546 9622
547 2605
548 6655
548 7693
549 5040
552 5379
552 7659
554 8006
554 9810
555 1834
555 6917
555 7032
556 1889
556 3208
556 3641
557 7217
559 796
559 2801
560 7419
561 627
562 1397
563 6120
565 879
566 6114
568 8235
569 2857
569 3598
570 5649
574 5919
576 4034
576 5254
576 7153
579 1611
579 1847
580 873
581 4478
581 8758
582 974
582 3114
589 1340
589 6914
590 8746
593 3506
593 6898
593 7972
595 5151
596 3266
597 8737
600 6794
600 8614
602 5452
602 8127
603 2565
606 5708
608 1341
609 7185
611 9614
613 8176
616 1708
616 3146
617 9948
618 8609
620 2528
620 2946
621 7249
623 962
625 2120
625 2353
625 6847
626 1236
626 4004
627 3021
627 3507
627 9858
628 2754
631 4554
631 4620
633 3142
636 5546
636 6056
637 3813
638 2720
638 6857
639 2549
639 4424
639 8551
640 1156
640 1458
640 6504
641 4194
641 5545
641 8609
642 2653
642 3223
643 6951
644 2067
646 1379
647 2986
649 6004
649 7397
651 5864
651 9181
655 2949
656 6796
657 6491
657 9478
663 7426
665 8056
666 3584
667 1455
668 6255
670 2441
672 1227
674 726
674 1945
675 1442
675 4199
683 3057
684 5843
684 7238
687 3805
687 8530
688 2956
690 6622
692 2021
692 6879
693 4170
693 9312
693 9631
694 6403
695 6168
696 8787
698 8320
703 2106
703 5611
703 9781
704 905
707 8930
709 1566
713 4743
713 6398
714 2210
715 4596
715 9555
718 3950
718 6424
718 7242
719 8033
722 1099
723 1164
723 5737
726 757
726 7511
728 1020
728 9750
729 1028
730 9349
731 8899
732 8177
732 9275
733 7199
734 9024
736 6603
736 9448
738 1108
738 5950
740 7413
741 9165
742 6213
742 8134
742 8865
745 6435
745 7313
746 1389
747 1386
749 7287
750 7503
751 1992
752 4451
754 756
757 1849
759 7520
760 4597
761 6712
762 9646
763 7247
764 5553
764 6101
765 5487
766 846
766 2459
766 9247
767 6801
767 9343
769 8430
770 7604
771 7491
774 2212
774 4862
774 5322
775 7197
776 3671
776 8954
777 831
778 5576
781 3781
784 4485
784 5157
784 5544
785 1180
785 5657
789 4923
791 904
792 1333
793 9099
798 6223
801 7729
804 5824
805 6130
809 1543
810 3943
812 4289
812 6135
813 5470
816 7396
816 8400
817 4899
817 5333
817 6018
817 9909
820 2901
820 4112
820 7033
820 7574
820 8648
820 9369
821 2011
821 7031
824 5633
825 2317
825 9631
826 2191
830 3511
831 5392
835 8892
837 3048
837 8588
837 8594
839 4157
839 9798
841 2083
841 2762
842 6523
844 1449
849 954
849 4118
852 2150
852 4783
853 1389
853 8328
854 1130
855 6385
857 1953
858 1372
858 2327
858 6345
858 8579
861 2091
862 5711
863 3812
865 4767
866 4109
866 6813
869 1748
872 2078
872 8281
873 4171
873 4916
873 6358
875 8202
877 5193
879 7033
879 8097
880 3456
880 4026
881 1945
881 8628
883 1206
883 4083
886 1289
886 2898
886 9750
888 5603
889 4890
889 9213
891 7281
892 4335
892 9619
894 5065
895 4132
895 6768
895 9286
896 1453
896 3359
896 9133
897 2217
898 4502
898 6892
901 6991
902 1156
902 6799
902 7706
905 9159
907 4253
907 5641
908 1788
910 3438
912 9161
916 8404
917 7034
920 7823
921 2484
921 4457
924 5950
925 1479
925 5593
927 3764
927 9476
928 1217
928 2273
931 7913
931 7978
933 5126
933 6572
933 8250
934 4758
935 7837
937 5672
939 1276
939 3893
939 6363
939 8360
940 6970
941 5670
942 968
943 5178
943 8281
943 9390
944 2988
944 9519
944 9526
945 6896
946 3801
947 1487
947 6129
949 4994
951 1206
954 2617
954 7117
955 2926
957 2660
957 4869
957 5114
958 2026
961 2559
961 8021
962 2645
963 1951
963 5663
964 7995
965 9135
966 1393
966 4867
967 1452
968 4135
969 3769
969 4803
970 8715
971 4708
972 3304
972 4624
973 5716
973 6929
977 4014
979 5449
980 1389
980 6507
981 3977
981 7967
982 3045
982 3610
982 9623
984 4953
985 7454
986 7873
989 2070
989 4756
990 2819
990 9318
991 5289
991 8312
991 8659
991 8779
992 1812
993 2357
993 3943
993 5153
993 8160
995 1379
995 1419
995 9978
998 1947
998 4881
1001 5746
1001 6277
1001 9332
1002 4988
1002 7217
1003 4502
1004 5927
1004 8161
1006 4944
1007 7529
1009 6313
1009 9239
1010 5963
1012 2267
1017 9932
1019 1083
1021 4568
1022 5909
1023 1784
1023 3602
1023 3912
1025 1595
1026 9919
1027 1050
1030 2897
1030 8957
1035 9595
1036 8473
1037 9706
1037 9908
1038 8338
1039 7503
1040 1946
1040 2363
1040 6631
1040 6987
1043 5887
1044 1734
1044 2640
1044 4737
1044 4859
1044 8335
1045 2697
1046 3109
1046 6364
1046 7369
1047 1581
1048 6595
1048 9849
1049 5722
1050 3557
1051 4338
1052 8118
1054 6340
1058 1979
1059 5348
1060 4497
1060 8291
1062 4355
1062 5882
1062 8953
1063 8009
1064 2274
1064 7059
1065 9890
1066 3659
1071 1385
1073 2679
1073 3643
1074 3111
1074 4417
1076 2108
1081 2255
1082 8063
1085 9220
1085 9836
1086 1331
1086 5665
1087 1525
1089 3449
1091 1837
1091 2978
1091 7514
1093 3145
1093 8107
1094 3709
1094 8082
1097 6622
1097 7052
1100 7045
1101 9257
1103 2772
1103 6479
1103 7575
1104 9674
1106 1637
1106 4121
1106 8850
1108 4272
1109 3408
1110 6098
1113 5681
1115 7468
1119 4855
1119 5865
1123 3112
1124 4776
1126 8714
1126 9743
1128 1236
1128 1672
1128 3548
1129 2145
1129 6289
1130 7613
1131 9269
1132 8462
1132 8600
1133 7441
1134 3889
1135 1448
1135 8508
1137 5973
1137 6332
1137 6638
1138 6035
1139 2204
1141 3290
1141 9700
1145 8797
1146 1671
1146 7494
1151 2938
1151 6440
1153 1397
1153 3794
1153 6363
1154 7931
1155 2821
1156 7027
1156 9191
1157 1867
1157 4612
1158 8920
1159 4533
1160 5099
1162 4413
1164 4489
1166 9341
1169 5340
1172 1463
1172 4203
1172 4846
1173 6560
1176 3534
1181 8784
1182 8923
1183 5183
1183 5570
1184 3698
1184 4593
1186 6232
1188 2028
1190 7830
1190 8595
1193 6525
1194 1313
1194 4949
1194 5351
1197 9261
1200 7434
1200 8929
1204 7388
1204 9415
1206 6277
1207 7270
1208 1226
1209 5103
1214 2286
1214 2775
1217 5118
1221 5239
1222 3768
1222 9022
1224 3422
1227 3274
1227 3311
1229 8389
1232 4678
1232 8227
1234 3718
1237 6632
1238 4403
1239 4971
1240 4639
1241 4577
1241 5397
1241 9293
1242 7657
1243 3551
1243 4082
1243 6276
1249 6873
1250 2403
1250 6570
1253 4349
1258 2169
1258 3729
1258 5596
1262 7885
1262 9307
1266 1676
1266 3127
1267 2097
1267 4732
1268 9551
1271 5462
1271 7987
1273 2740
1273 9972
1275 6698
1275 7955
1276 1509
1279 6152
1280 2796
1281 9337
1284 5453
1285 9503
1290 4922
1290 6090
1290 7685
1291 7092
1292 1514
1293 9487
1295 9209
1298 1907
1299 2789
1300 6495
1300 7810
1302 9169
1303 7512
1303 7689
1304 6724
1305 3758
1305 7280
1307 3225
1307 9317
1308 6340
1308 6853
1309 5212
1309 5844
1310 3184
1312 6107
1312 7384
1316 8522
1317 8036
1319 3577
1319 8595
1324 2681
1324 4791
1324 7175
1326 2980
1330 5239
1331 8051
1333 2496
1334 8758
1334 9803
1336 8646
1337 5597
1338 1537
1339 7919
1339 8916
1340 9095
1341 3367
1341 3526
1341 5720
1342 2968
1343 3165
1343 3193
1343 4657
1345 2923
1345 6421
1346 3002
1347 3944
1351 7262
1352 7303
1354 3590
1355 1641
1355 7256
1356 2886
1356 5995
1357 6411
1357 7998
1357 9224
1358 6614
1359 2447
1359 3467
1360 2125
1365 3387
1365 8934
1367 6185
1373 7918
1376 6744
1377 9815
1378 3489
1379 3237
1379 7765
1381 8714
1382 8029
1383 4240
1384 2976
1384 4451
1386 6051
1388 7652
1389 8577
1390 7972
1393 1784
1395 6776
1395 8966
1397 3088
1397 3513
1401 3328
1401 3802
1401 4912
1401 7345
1402 4475
1403 3318
1404 3059
1404 9736
1405 8899
1406 8229
1407 7053
1408 1580
1409 3575
1410 8857
1412 4201
1414 9769
1415 2409
1415 3647
1416 2628
1416 5067
1418 7323
1419 4683
1419 6395
1420 8289
1420 8296
1422 1993
1422 6095
1422 6336
1422 7840
1423 4924
1424 2547
1425 2096
1425 7477
1426 5764
1427 6950
1428 2012
1428 4867
1428 5017
1428 9012
1431 4709
1431 7517
1433 6114
1433 6659
1434 6950
1435 5093
1435 6868
1436 8068
1438 7172
1439 2638
1440 7635
1441 1997
1442 5320
1442 9984
1443 1629
1445 8495
1448 5811
1450 3436
1450 6293
1454 9688
1455 2563
1456 5572
1457 8570
1458 5892
1459 6162
1460 1865
1460 5306
1460 9202
1462 2282
1462 3764
1462 9258
1465 2433
1465 3628
1466 8355
1468 3620
1472 3482
1473 4930
1473 9446
1474 1651
1474 4669
1477 2529
1477 6599
1478 1592
1478 1913
1481 5116
1482 4845
1483 4467
1485 6217
1485 7697
1487 8072
1488 7178
1488 8528
1491 7921
1494 3552
1494 4666
1498 4904
1500 7184
1500 8249
1500 9161
1501 2118
1501 2436
1501 2462
1502 7095
1505 4146
1506 6435
1506 9101
1507 2207
1507 3003
1511 9720
1513 1617
1513 9962
1514 2206
1515 6846
1520 9835
1522 4024
1523 6761
1523 8397
1524 5932
1526 2700
1528 3986
1529 4289
1529 4299
1533 6410
1534 1650
1535 1579
1535 2379
1536 8599
1537 4075
1537 6381
1538 8501
1539 2500
1540 9428
1541 6212
1541 8102
1542 4840
1542 8061
1544 6476
1544 8236
1546 8630
1547 9321
1552 3189
1553 5933
1554 4588
1556 4521
1557 9861
1560 7016
1560 8440
1562 5042
1564 1944
1565 1891
1566 3234
1567 1734
1569 3988
1572 8075
1574 2481
1574 6344
1577 8295
1578 9822
1579 3890
1583 6894
1584 7280
1589 7481
1590 3355
1595 7716
1599 5850
1601 6251
1601 7081
1605 9346
1606 9540
1607 4630
1609 6262
1610 1796
1613 6527
1614 9787
1615 9447
1618 3574
1618 4870
1618 9465
1619 8270
1622 7688
1623 2834
1623 3858
1626 3527
1628 1705
1628 8620
1629 8388
1630 7530
1631 7096
1633 3616
1634 3630
1636 6966
1637 7137
1638 2227
1639 4375
1640 5728
1643 3940
1643 5277
1643 5438
1643 9223
1643 9870
1644 5598
1644 8016
1645 7186
1645 7754
1647 4178
1647 6371
1647 7384
1649 9787
1651 4294
1654 9458
1657 5315
1658 6929
1658 7787
1660 3541
1665 1915
1671 3078
1671 6662
1672 6574
1672 7462
1674 3851
1674 5530
1678 3506
1678 6853
1679 4310
1680 4836
1681 3566
1681 8550
1682 3690
1682 6345
1684 6155
1687 3365
1688 2878
1690 7556
1692 2768
1692 3852
1694 6484
1695 6078
1695 6694
1695 8000
1696 3807
1696 5048
1697 5560
1699 5725
1700 3849
1700 5433
1703 9364
1706 3150
1706 5494
1707 2661
1707 5336
1708 4477
1710 5030
1711 1759
1711 6446
1712 9407
1713 1903
1714 9174
1715 6305
1720 4611
1724 2788
1725 5339
1725 7406
1727 7060
1730 8135
1730 8211
1731 9250
1733 6572
1733 7288
1738 6681
1739 2634
1740 8784
1741 5709
1741 7490
1743 2289
1752 3882
1754 2402
1756 2052
1756 4472
1756 6293
1757 2003
1757 7498
1761 3661
1761 3666
1762 7404
1762 8827
1763 3851
1763 5195
1763 7063
1764 2939
1764 4239
1765 8195
1768 3367
1769 3389
1769 7317
1770 8825
1771 4839
1777 6328
1778 4992
1779 3522
1779 3909
1779 5577
1780 6312
1780 9507
1781 5463
1783 3228
1783 8210
1785 3751
1786 3722
1788 9028
1788 9039
1789 8418
1791 6796
1791 6895
1793 2464
1794 2104
1798 3061
1802 6127
1802 8574
1803 6133
1805 6023
1806 9464
1807 5427
1807 9051
1808 1920
1812 7179
1813 2098
1814 5640
1814 5793
1817 6797
1818 3546
1819 4403
1820 6234
1821 2030
1821 5224
1825 2383
1828 6513
1828 7486
1831 3720
1831 5446
1834 2042
1835 6473
1836 5546
1836 9387
1836 9659
1837 2427
1840 5932
1841 6342
1844 2186
1847 5041
1847 9266
1849 2220
1849 5794
1852 6543
1854 8538
1855 2082
1857 5836
1857 6049
1857 6348
1860 6737
1861 2129
1863 3713
1865 4354
1865 8100
1866 9219
1869 2900
1869 8680
1873 5287
1874 5576
1875 3939
1876 2003
1877 9297
1878 2310
1879 5350
1880 3304
1880 4907
1881 4752
1881 8561
1887 5749
1888 5992
1889 8393
1890 3539
1892 6023
1893 2845
1895 4889
1898 3553
1902 2716
1904 2151
1906 4199
1906 7963
1907 7405
1911 4971
1911 5950
1911 9090
1912 5847
1916 1939
1916 7088
1917 3984
1917 4976
1920 7054
1920 7456
1920 8932
1921 5630
1921 6777
1922 4786
1924 4564
1927 6972
1928 5143
1932 6495
1933 3187
1935 3703
1935 9208
1936 5553
1936 8257
1937 2466
1937 2526
1937 3879
1945 6170
1948 8262
1959 4601
1959 9656
1960 1979
1961 3285
1961 6766
1963 6402
1963 6785
1964 4620
1964 7030
1964 8921
1965 3663
1966 9995
1968 8698
1968 9401
1969 2083
1972 2124
1972 6711
1975 9475
1980 6190
1982 6117
1982 9783
1984 5309
1984 5792
1986 9508
1987 2590
1988 2231
1988 4768
1989 7583
1990 6961
1991 5717
1993 5159
1994 8956
1996 7840
2000 5991
2001 3981
2001 5736
2002 3654
2004 7511
2006 2038
2006 2121
2006 6294
2006 7164
2009 2932
2009 4500
2009 5120
2009 5245
2010 5283
2010 7643
2010 8790
2010 9381
2011 3859
2011 6747
2013 8676
2014 2103
2015 6633
2017 4623
2017 6435
2019 5070
2020 7525
2022 6049
2023 3528
2023 8360
2024 7072
2024 8228
2025 6544
2029 2247
2029 2698
2029 8660
2030 8779
2031 2508
2031 8706
2032 3317
2032 5088
2034 7897
2035 2849
2036 5872
2037 9648
2037 9705
2038 5705
2039 3233
2041 9728
2043 3823
2044 5241
2044 7525
2045 9732
2047 7081
2048 5151
2049 5195
2051 5775
2053 2968
2053 5339
2057 4652
2057 6665
2058 2563
2059 2915
2059 9070
2060 7429
2062 5637
2064 4418
2064 4807
2065 7365
2065 8872
2069 5285
2069 7057
2070 6417
2072 6807
2072 9845
2073 5341
2075 3966
2077 3832
2077 4092
2077 9617
2079 6417
2081 2452
2081 7117
2083 9958
2084 9764
2085 9547
2087 7199
2088 4880
2089 3917
2090 8607
2093 9666
2095 7711
2095 8282
2096 7338
2097 3025
2098 4349
2099 4749
2099 8458
2100 7574
2100 8486
2101 9987
2102 8024
2102 8763
2104 5914
2105 3550
2105 6114
2110 9879
2112 8894
2113 7532
2114 8431
2118 5048
2120 7933
2120 8726
2122 3253
2122 5225
2125 8982
2126 6787
2128 4582
2129 5727
2129 9330
2131 5607
2131 6135
2131 8793
2132 2813
2133 2475
2133 9587
2138 2423
2138 2767
2140 3758
2141 4022
2142 5460
2142 6924
2142 9250
2142 9423
2142 9849
2143 2340
2143 5942
2145 7523
2146 2463
2146 4609
2152 4408
2153 7100
2154 2473
2157 4497
2162 9964
2163 6464
2166 2324
2166 3053
2167 6942
2168 7274
2169 3247
2170 9731
2172 5101
2174 2213
2174 4529
2177 7999
2180 3773
2180 7172
2181 8334
2182 7905
2184 5080
2184 5564
2185 6264
2187 2846
2188 2771
2191 2367
2191 8459
2195 3784
2195 8599
2196 4841
2198 7696
2198 8024
2199 7182
2200 3109
2200 4052
2200 7363
2202 2252
2204 6568
2206 5354
2207 9747
2208 9075
2210 7411
2213 3920
2213 8376
2213 9576
2215 5850
2215 8226
2215 8309
2221 2388
2221 5803
2222 4252
2222 5787
2226 9512
2227 2840
2228 6528
2229 4672
2230 5562
2232 4719
2232 5539
2233 7444
2234 8834
2235 3919
2237 7120
2238 3399
2240 3551
2241 8906
2242 6570
2245 2287
2246 3590
2247 3340
2247 6089
2250 3924
2251 9514
2252 3642
2252 3996
2252 4888
2256 2514
2260 5132
2260 5494
2263 4317
2267 2860
2270 6125
2271 4299
2271 9200
2272 5059
2275 2487
2275 3886
2276 5786
2277 2312
2277 2515
2277 7335
2278 6822
2278 9878
2279 3385
2279 7813
2279 8161
2281 5318
2282 2487
2282 4124
2283 8689
2284 6251
2285 4882
2285 4921
2286 6895
2287 3178
2290 8861
2291 7205
2291 7841
2292 3442
2292 7718
2294 2876
2294 9760
2295 3488
2295 5283
2297 7033
2298 5113
2298 8728
2299 8479
2302 7361
2303 3083
2304 7339
2306 4669
2306 6679
2306 9224
2307 9543
2308 5566
2310 5085
2310 9555
2311 7875
2316 5534
2316 7865
2317 6623
2318 5771
2318 5883
2320 6750
2320 9318
2321 9085
2323 6763
2323 7929
2326 2346
2327 5967
2330 7934
2331 6041
2331 9898
2332 5617
2333 8598
2333 9550
2335 9534
2337 7671
2338 8241
2340 4300
2342 7524
2343 2488
2343 2529
2345 8056
2347 3308
2347 5310
2351 3652
2355 3227
2357 8482
2360 7543
2361 9984
2362 3343
2362 5712
2364 4929
2364 6659
2365 9677
2367 4382
2375 4585
2376 9231
2378 5874
2378 9948
2379 8334
2381 8207
2384 3507
2387 7094
2393 5018
2394 7327
2396 5878
2397 6005
2401 3606
2401 4901
2401 6578
2401 9216
2404 5778
2406 3043
2406 8869
2407 5341
2407 8357
2412 7637
2414 2622
2415 6246
2420 6982
2421 4319
2421 4417
2421 5978
2422 5616
2422 7874
2424 6076
2431 6595
2432 8418
2436 7897
2437 9670
2440 9962
2442 6622
2442 9019
2446 6875
2448 6157
2451 5471
2451 5684
2453 4247
2455 5769
2455 8563
2458 6552
2458 8507
2462 5643
2463 8564
2464 2504
2464 7138
2464 9134
2467 6678
2467 9212
2468 4492
2469 6637
2470 9465
2470 9925
2471 2498
2472 2836
2473 8562
2474 3542
2474 7280
2474 8211
2477 9057
2478 6786
2480 6259
2480 6576
2481 6907
2481 7794
2482 4368
2483 2489
2483 5772
2485 5781
2486 2648
2487 6639
2487 8920
2488 6539
2489 6249
2489 7717
2490 3167
2490 6128
2491 4270
2493 4277
2493 9830
2496 5500
2498 6856
2499 9549
2501 6865
2501 7483
2501 8660
2502 6346
2502 8459
2502 9098
2504 8093
2504 9058
2506 6303
2506 7630
2506 9858
2509 6205
2510 2862
2510 4344
2511 2584
2514 6802
2515 2669
2515 7089
2516 8495
2517 3368
2522 4796
2524 3770
2525 9754
2526 3867
2526 6535
2530 9246
2537 6478
2540 5322
2543 9108
2544 7238
2544 9243
2547 7391
2548 8353
2550 4995
2550 8076
2551 4311
2551 6879
2551 7085
2552 3956
2552 8745
2553 2934
2553 3001
2554 6749
2559 4831
2560 4218
2561 4300
2561 5025
2562 6422
2563 4263
2563 9036
2568 7816
2569 9254
2571 8781
2573 2673
2573 8738
2575 9417
2577 7386
2578 3493
2578 5138
2580 9986
2582 5542
2585 6537
2586 6369
2586 9258
2587 8643
2590 4391
2592 5125
2593 9942
2594 4062
2594 6292
2598 5685
2600 3645
2601 4774
2601 8881
2604 7805
2604 7820
2605 4603
2605 4824
2606 3861
2606 8834
2607 8068
2607 8753
2609 8910
2610 6187
2612 2889
2612 5383
2614 2754
2614 6297
2615 3506
2620 7888
2621 4447
2622 4357
2623 6382
2623 6604
2623 7855
2624 9028
2625 4904
2626 6793
2628 9018
2629 5076
2630 4912
2631 3274
2633 8511
2635 6371
2635 9794
2637 6216
2638 3304
2638 4682
2638 7999
2638 9174
2639 9455
2640 5077
2640 9811
2642 3977
2642 7429
2644 4934
2645 2711
2646 8660
2647 4656
2650 3372
2652 7134
2653 5294
2658 8658
2660 4052
2662 3763
2662 8900
2670 3096
2670 3644
2670 7307
2674 9940
2676 4661
2676 9917
2678 7906
2681 6368
2683 8994
2683 9857
2685 5416
2686 9624
2688 6664
2688 7029
2689 9369
2693 5220
2694 7036
2696 7162
2696 8645
2697 5934
2698 7893
2699 8364
2702 3874
2703 8811
2704 8394
2704 8797
2706 9207
2710 4924
2711 4723
2712 7502
2713 4133
2714 5584
2714 9238
2715 4050
2716 3833
2716 7628
2716 9646
2718 3101
2718 7168
2719 6357
2721 7569
2724 9815
2725 5256
2725 6870
2727 5181
2728 2797
2731 9253
2735 5488
2737 8056
2739 7503
2740 6729
2740 9675
2741 5713
2741 9019
2742 9540
2746 2769
2748 6674
2749 3415
2754 3750
2756 4479
2756 6026
2757 3710
2759 3574
2759 4926
2761 7549
2763 6520
2765 3324
2766 9637
2767 3051
2767 3687
2768 6279
2768 7760
2770 4376
2773 6620
2773 8082
2775 5347
2775 7188
2776 3369
2779 3429
2779 4203
2780 3983
2780 9635
2781 6962
2782 3297
2783 4279
2785 4190
2785 9000
2785 9873
2786 9270
2787 3341
2787 8218
2787 8870
2788 6006
2791 2973
2792 2894
2793 4742
2793 6055
2793 7868
2793 9107
2796 9882
2798 7487
2799 4827
2802 7229
2803 7876
2804 6591
2811 7531
2812 6966
2813 5332
2814 3169
2814 4261
2817 2889
2819 3315
2820 3214
2822 3852
2822 7558
2826 5233
2828 3926
2828 5501
2829 6768
2830 7784
2833 9536
2833 9805
2836 3070
2836 4225
2841 8652
2842 8887
2843 4864
2844 4867
2844 9145
2846 9428
2849 9947
2851 3576
2851 7242
2851 9910
2853 6672
2854 9543
2855 3025
2855 7245
2858 8103
2859 5985
2862 5733
2863 8605
2863 9614
2865 3763
2865 6548
2866 3370
2866 5634
2869 5171
2870 7856
2870 9312
2875 9340
2877 6944
2878 5630
2879 7759
2880 4722
2882 4732
2883 9657
2885 3712
2889 9894
2890 7359
2893 4329
2894 3772
2895 3457
2899 9024
2901 7119
2901 8465
2904 4323
2905 3621
2906 5633
2911 6741
2917 7210
2918 3598
2920 6149
2922 7595
2926 3516
2927 5820
2928 4368
2930 3352
2935 9864
2941 7151
2942 7417
2946 4202
2949 8831
2950 7846
2952 5553
2952 7614
2959 8992
2964 3585
2965 6540
2965 7352
2966 6396
2968 6417
2968 9844
2970 6569
2972 9619
2976 5215
2976 6520
2980 5169
2982 8122
2982 9248
2984 4376
2985 9385
2987 8073
2988 6550
2994 3396
2995 8880
2997 5803
2997 6835
2998 6228
2998 7836
2999 3316
3000 6748
3000 9488
3002 3573
3002 9953
3004 3892
3008 3851
3009 5480
3012 8511
3013 7356
3014 9540
3016 4924
3016 5046
3016 8368
3018 7919
3022 5499
3022 9143
3023 5904
3023 9943
3024 5461
3027 3897
3028 9192
3031 5309
3031 7903
3032 5228
3036 5408
3039 4471
3039 5886
3039 7100
3039 7359
3041 4087
3043 6186
3044 7087
3046 4839
3047 7539
3049 6533
3050 6834
3052 6114
3053 4630
3053 6029
3053 7080
3059 8133
3060 7426
3062 9515
3064 4646
3067 5769
3068 5601
3068 9499
3069 4127
3071 6742
3072 5820
3072 9962
3075 8556
3076 6252
3076 8649
3080 9329
3085 4248
3085 8685
3086 4836
3087 8979
3088 8104
3088 8258
3092 3296
3092 4721
3095 5682
3097 4924
3097 5767
3098 3205
3098 3895
3098 9405
3101 5846
3101 7128
3102 4868
3107 8845
3108 5318
3108 9364
3110 4865
3111 5339
3112 9176
3114 5314
3114 6006
3115 7601
3116 6147
3117 3285
3118 4867
3119 4639
3120 5872
3121 9333
3126 7765
3132 3289
3133 6151
3134 7426
3138 7368
3141 5404
3141 6094
3141 9249
3142 9112
3143 7470
3146 5490
3151 8587
3151 8886
3151 9792
3152 9911
3154 6746
3155 4160
3155 9028
3157 3728
3158 3854
3158 5702
3158 9087
3159 9974
3160 5197
3160 9729
3162 7597
3163 4486
3165 7094
3167 3220
3170 8056
3171 7372
3175 3488
3177 4136
3181 5556
3182 3617
3183 5899
3183 6945
3184 4469
3186 4483
3186 4907
3190 6020
3190 8932
3192 7892
3192 9306
3194 9410
3196 4455
3197 7861
3197 9859
3200 4551
3200 8446
3201 6965
3204 3894
3204 9582
3205 6270
3211 4249
3212 4394
3215 4150
3217 7129
3220 3741
3222 7971
3224 4998
3224 7578
3226 3254
3226 3786
3230 5218
3230 6045
3231 8070
3231 8435
3233 6706
3235 5049
3235 6716
3237 4439
3237 8819
3240 4938
3243 8848
3243 9217
3246 5150
3247 3879
3248 9069
3249 6563
3250 4248
3252 8460
3254 5354
3255 5874
3256 6650
3258 6827
3260 5040
3263 8073
3266 4899
3266 7777
3267 6219
3267 8624
3270 3538
3273 6925
3274 7136
3275 7762
3275 9157
3276 9674
3279 5070
3282 9362
3283 3585
3283 5275
3283 6559
3284 6427
3286 4577
3286 7029
3287 7549
3291 4224
3294 6049
3296 4825
3297 4932
3300 9582
3302 3453
3302 4368
3302 8521
3303 9829
3304 5062
3309 3575
3312 4146
3314 3562
3315 5685
3315 6414
3316 5612
3317 5106
3317 8232
3317 9398
3318 9634
3319 9298
3320 8894
3323 5077
3325 9722
3328 9892
3329 4290
3331 7492
3333 4535
3335 3969
3337 6353
3338 4172
3338 4397
3338 8004
3340 5189
3342 6015
3342 8245
3343 6969
3345 6230
3346 3982
3346 6768
3348 9740
3350 3913
3350 8553
3350 9675
3352 4252
3357 8814
3358 6692
3361 9565
3362 4671
3364 4694
3365 7907
3368 5312
3368 8029
3370 7328
3371 9444
3372 7961
3373 3666
3376 5679
3376 7722
3377 3931
3377 8007
3377 9837
3378 9782
3379 5240
3381 5896
3383 8945
3384 8492
3385 5039
3385 6146
3385 7223
3388 7692
3389 9726
3389 9821
3390 7316
3390 7735
3396 6798
3398 3500
3399 6282
3401 8715
3402 3778
3406 6668
3407 7417
3407 9468
3409 5391
3409 9918
3411 7281
3413 7733
3414 7823
3416 6302
3417 5011
3420 5438
3427 7828
3429 3452
3430 6789
3433 6240
3434 4423
3434 9415
3435 3644
3437 8035
3437 9001
3441 4153
3442 5887
3442 7531
3443 9144
3450 4324
3452 3563
3458 4586
3459 6606
3461 3577
3461 8833
3463 7235
3466 6141
3471 3795
3473 9014
3473 9124
3474 7185
3476 3581
3477 7844
3479 4915
3479 7706
3480 7100
3480 9469
3481 6848
3481 6952
3481 8600
3483 5618
3483 7112
3484 7577
3489 5649
3491 4011
3493 7319
3494 4590
3494 6585
3494 9669
3496 4472
3497 9191
3498 9376
3501 4804
3503 8943
3505 6959
3507 5991
3508 7756
3511 6704
3511 7002
3514 3615
3516 4986
3516 5366
3517 7230
3518 5553
3520 8667
3522 7464
3522 8763
3522 9797
3524 9203
3525 4783
3525 7453
3527 6878
3528 5692
3528 9271
3529 5174
3529 7379
3531 8050
3532 3976
3533 3741
3534 5210
3537 8814
3538 4371
3538 5816
3538 6066
3540 5953
3541 7342
3541 8174
3541 8239
3545 4219
3546 4729
3546 8492
3548 4087
3551 7113
3554 5606
3556 4608
3557 9767
3558 5076
3559 4059
3560 7571
3561 8587
3562 4946
3562 7900
3563 7870
3564 5238
3567 8862
3567 9514
3568 8193
3569 8527
3570 4821
3574 9779
3577 5540
3577 9579
3581 9502
3583 4992
3583 8668
3584 5406
3585 7973
3587 3614
3587 4303
3587 9523
3589 8788
3590 8025
3590 9335
3594 7620
3595 7540
3596 7273
3599 8246
3599 9974
3600 9771
3603 4103
3606 6845
3607 7698
3614 4106
3615 4244
3615 5456
3615 8203
3616 4917
3616 8743
3617 5471
3617 6826
3618 5059
3619 6389
3620 5776
3621 3793
3621 8226
3626 5106
3629 3634
3629 6208
3629 6789
3633 5810
3634 4030
3634 6239
3637 7528
3637 9379
3638 6052
3642 5963
3643 5120
3643 6812
3644 5179
3644 5383
3644 6288
3646 6779
3649 3962
3649 4895
3650 6649
3652 3660
3652 4658
3653 6913
3654 5392
3654 6544
3656 8248
3658 7500
3659 6313
3659 7042
3659 9908
3661 6318
3663 4881
3666 4397
3667 5850
3668 6120
3669 5265
3671 4059
3676 3876
3676 7989
3678 5511
3679 5638
3679 8162
3679 8322
3679 9155
3680 5119
3680 5548
3681 6118
3681 6946
3683 5892
3684 7551
3687 6930
3688 4626
3688 6950
3689 6342
3690 6546
3691 5762
3694 5351
3694 5631
3696 4736
3696 8626
3700 5474
3702 5408
3702 8643
3703 6934
3706 7830
3707 5974
3707 8939
3709 4894
3710 9920
3717 5942
3718 6276
3719 6785
3720 5529
3725 6244
3727 4833
3727 9385
3732 4159
3737 4457
3738 5167
3738 5571
3742 7609
3744 8474
3745 5826
3746 8159
3748 9123
3749 6245
3750 4605
3750 9703
3751 8469
3752 6700
3752 7496
3752 7681
3753 4178
3754 9245
3755 7547
3757 3812
3758 5360
3758 8188
3759 4951
3760 5631
3761 7785
3762 4300
3766 4414
3767 3786
3768 6237
3768 7836
3771 7173
3773 5379
3773 8384
3774 5452
3774 9170
3777 7400
3779 9826
3780 7275
3781 6227
3783 8501
3784 4705
3786 7471
3789 9407
3789 9570
3792 4045
3792 9992
3793 3959
3794 6837
3798 6731
3800 6522
3801 7588
3802 6934
3807 5069
3807 5381
3807 8643
3810 7476
3811 4727
3812 9820
3813 9090
3815 8960
3822 4985
3822 7089
3824 9768
3825 4729
3826 5149
3828 6702
3828 8361
3829 5497
3829 7334
3829 7679
3830 7357
3831 3978
3838 4200
3838 6472
3839 4820
3839 6805
3840 7607
3842 7682
3843 6992
3844 3919
3844 5542
3846 8673
3847 8113
3849 6613
3850 4861
3851 3854
3851 6679
3855 9328
3856 6037
3856 6963
3858 8413
3864 4529
3868 8085
3869 8897
3871 7391
3877 9397
3880 6842
3880 9408
3882 4351
3882 5788
3883 5687
3886 5468
3887 4953
3891 5200
3892 7345
3893 9236
3894 8688
3895 7026
3896 5611
3896 5758
3899 4270
3899 8892
3899 9198
3902 4117
3902 6257
3902 8539
3903 4148
3907 6193
3911 5539
3912 5193
3912 8332
3914 8769
3914 9484
3916 4774
3917 6515
3917 7972
3917 8490
3919 7562
3919 7674
3919 9055
3922 4209
3922 4878
3922 6407
3923 5286
3923 6152
3924 7337
3926 8234
3928 7994
3930 4898
3931 3954
3931 9464
3932 6494
3934 5804
3934 6379
3944 4816
3947 7033
3947 7141
3949 6548
3950 4312
3952 6170
3952 7303
3955 4190
3955 8809
3955 9851
3958 5744
3961 9081
3963 4278
3965 9038
3967 7954
3968 7900
3968 8448
3969 5072
3969 9631
3971 5655
3971 8121
3975 8838
3975 9831
3976 8662
3980 4940
3980 7648
3985 8054
3988 8635
3989 5862
3989 9388
3990 8400
3991 4557
3991 5614
3991 7647
3992 5099
3992 5211
3992 9935
3994 7319
3994 8692
3995 7563
3995 8355
3998 6782
3998 9399
4000 7073
4001 4491
4001 6993
4001 7536
4003 6412
4003 7603
4004 7908
4007 8214
4010 6007
4012 6500
4013 9196
4015 7032
4016 8119
4018 7527
4020 8737
4025 8600
4026 9423
4027 7439
4028 4572
4028 8644
4028 9933
4032 4220
4036 9096
4038 7846
4039 6925
4039 9409
4039 9582
4041 7446
4043 7112
4043 9941
4046 4068
4046 5297
4046 8106
4046 9823
4048 8408
4049 5097
4050 8750
4053 7701
4054 6272
4057 6353
4057 7269
4060 8702
4063 4249
4063 8113
4065 6853
4065 7077
4071 4608
4071 8843
4074 6018
4077 6869
4079 7542
4082 5422
4086 5690
4086 8411
4092 9229
4093 5463
4094 7329
4094 7376
4096 6704
4096 9420
4101 5033
4103 9083
4108 4421
4109 6128
4110 4964
4110 8283
4117 6528
4119 6567
4120 6563
4122 4862
4123 6375
4125 5105
4128 7815
4130 7128
4131 5457
4134 6164
4136 7337
4137 7396
4143 5006
4146 9761
4147 6096
4148 4696
4149 7505
4150 8273
4154 9358
4155 6703
4156 4689
4156 9932
4161 6648
4164 6274
4169 9102
4171 5409
4172 6694
4173 7320
4174 5334
4174 7639
4179 5075
4181 6649
4183 7195
4188 6272
4188 9304
4188 9874
4191 4586
4191 6465
4192 9838
4195 8180
4197 6710
4200 8077
4201 7886
4204 6276
4206 5153
4207 5496
4209 5912
4211 8005
4212 5841
4214 9185
4220 6571
4220 8170
4221 5489
4224 7674
4225 8145
4226 9695
4228 4233
4231 6925
4232 7501
4232 7567
4232 9994
4236 7934
4237 5910
4239 7878
4242 6594
4243 9260
4244 6205
4244 7110
4244 8717
4247 7254
4248 6457
4249 4305
4249 6199
4253 9948
4255 9120
4256 5615
4256 8881
4257 4855
4259 5568
4260 5885
4261 6776
4261 7148
4261 8027
4262 9191
4263 8042
4266 6217
4268 7247
4270 4386
4272 6443
4278 4875
4278 7376
4278 7648
4278 9556
4280 4568
4280 8907
4281 4877
4282 5285
4283 4448
4284 7692
4286 5950
4286 6401
4287 6132
4287 6199
4290 5766
4291 5072
4297 4500
4302 7558
4302 8651
4303 8516
4304 5865
4304 7468
4305 7341
4307 4905
4308 8679
4310 5983
4310 9874
4313 4422
4315 5850
4316 8890
4318 4888
4318 9131
4319 6564
4320 6191
4321 6861
4322 4445
4323 8226
4326 4674
4329 7965
4330 7755
4334 6260
4335 7479
4336 5726
4337 8943
4339 7465
4340 6504
4343 9116
4347 5885
4348 5812
4348 7312
4348 8705
4356 6398
4356 7459
4356 7768
4359 5598
4359 5725
4361 5426
4362 5376
4362 6225
4362 9423
4363 6333
4364 8665
4368 5438
4369 5516
4372 8292
4375 7790
4376 4834
4376 7315
4376 8848
4381 8355
4385 7482
4386 9092
4387 6654
4388 5731
4389 8612
4392 7085
4396 5112
4398 8262
4401 6267
4403 5335
4404 7417
4405 4453
4405 5595
4407 8177
4407 8809
4408 9589
4408 9625
4409 9659
4411 8558
4413 7784
4413 9294
4413 9359
4414 7831
4418 9538
4420 8955
4423 9580
4426 8029
4433 7244
4436 6633
4437 4594
4438 6063
4439 6543
4440 4470
4440 5479
4446 7909
4446 8865
4447 4730
4447 9083
4448 9108
4448 9720
4451 7539
4453 9174
4454 6875
4465 5178
4465 8776
4468 4863
4468 7901
4468 7988
4468 9463
4471 9010
4475 5325
4476 8430
4476 9208
4477 5194
4481 7725
4484 8193
4494 7632
4496 9810
4497 9585
4498 7374
4498 9688
4501 8930
4506 7113
4507 5456
4513 6489
4513 7365
4516 7882
4517 6160
4519 6836
4520 5173
4520 8361
4521 5174
4522 7680
4523 6576
4526 8619
4528 5703
4530 7005
4533 5595
4534 4881
4534 5893
4537 9321
4539 7381
4540 8920
4541 9100
4542 9949
4543 4866
4545 6113
4546 7513
4549 6336
4557 7882
4560 4653
4561 4867
4562 5291
4563 6300
4564 8973
4569 7718
4571 5799
4574 8361
4575 7075
4578 9472
4581 7206
4581 9152
4582 5442
4582 7094
4583 6886
4586 7585
4588 7444
4588 7576
4590 9269
4595 5949
4598 9482
4599 7063
4601 8325
4602 4926
4602 5261
4603 6300
4604 6043
4604 8128
4605 5180
4606 6187
4608 5363
4608 7685
4609 5453
4613 7656
4613 8265
4615 6184
4615 6348
4616 8352
4617 5832
4617 9630
4618 7334
4619 8018
4620 6688
4620 6950
4620 8371
4621 5112
4621 9864
4622 5642
4622 6277
4624 5792
4628 5925
4630 8821
4632 8990
4633 7341
4634 5123
4635 5295
4636 4665
4637 5394
4640 8726
4641 7107
4646 8224
4646 8456
4647 5285
4649 8748
4652 6487
4653 5192
4654 4756
4655 5236
4658 8465
4658 9730
4660 5979
4660 6871
4662 6742
4666 4726
4666 4850
4666 6504
4667 9308
4669 7332
4671 8895
4673 5772
4674 5808
4684 5658
4686 7602
4687 8408
4691 7644
4692 4726
4693 8486
4694 5259
4695 8066
4697 7532
4698 7324
4698 9049
4706 5181
4706 9020
4710 6614
4714 8933
4716 6283
4719 9814
4720 7383
4720 9835
4725 5316
4725 9693
4726 8336
4728 8628
4743 6060
4743 8489
4745 5800
4746 6235
4746 6325
4747 6944
4748 9591
4749 8970
4751 9809
4752 9827
4753 5479
4754 8692
4759 7901
4761 4964
4761 8527
4762 7189
4763 9613
4766 7917
4767 6298
4767 6794
4767 8122
4768 7564
4772 6621
4772 8743
4773 9064
4775 5720
4780 6901
4782 5092
4782 7479
4782 9910
4783 7279
4786 5978
4787 7594
4790 9854
4791 7253
4793 5066
4794 7297
4795 6459
4800 7897
4801 6529
4802 9719
4806 8970
4808 7107
4808 7700
4810 7581
4811 9767
4811 9822
4819 9404
4822 5319
4822 5987
4823 8456
4824 6175
4825 5905
4830 7666
4832 7374
4835 8688
4836 5199
4836 9855
4838 7109
4840 6449
4850 8424
4853 9593
4854 8950
4856 8143
4857 5904
4860 5471
4861 6370
4861 9831
4866 9595
4868 5745
4868 8778
4869 7419
4869 8614
4870 8186
4872 8118
4873 8976
4874 7705
4876 7508
4878 8435
4878 9643
4881 6898
4887 4918
4888 5718
4888 6532
4889 7743
4889 8303
4889 9777
4893 5398
4895 7130
4897 5081
4898 7202
4898 8398
4898 9790
4900 5810
4909 8958
4910 7036
4910 9610
4915 7233
4918 6752
4920 7986
4931 5351
4931 8243
4936 8507
4950 7882
4952 7054
4954 7206
4955 9149
4959 6115
4959 6681
4964 8516
4965 9555
4967 5930
4968 6406
4970 7091
4970 7668
4974 9498
4977 8918
4978 9184
4983 8229
4985 7888
4987 9658
4991 5470
4991 8137
4992 6014
4993 6749
4995 6117
4997 7328
5002 9660
5006 5865
5006 7438
5006 7734
5008 8866
5009 5813
5009 7081
5010 8197
5015 7048
5027 5914
5027 7378
5028 8287
5028 8912
5029 6885
5032 5597
5032 9105
5032 9430
5037 5453
5037 6615
5038 5093
5048 7430
5048 9205
5050 5199
5051 5775
5052 7392
5052 9303
5055 7426
5056 6158
5056 6807
5057 9938
5058 7735
5059 8093
5060 9682
5061 6455
5061 9218
5070 7150
5074 5985
5077 5475
5080 9820
5081 6655
5081 6952
5081 8001
5082 8895
5084 8693
5084 9827
5085 9059
5085 9991
5088 5499
5088 7295
5089 8942
5090 9370
5090 9651
5092 8877
5095 9427
5097 9190
5098 5891
5098 9328
5100 5297
5101 8438
5106 7925
5107 5269
5110 7325
5111 7970
5113 8243
5114 8892
5114 9483
5114 9958
5117 6091
5124 8572
5125 5830
5125 7775
5126 8105
5131 8283
5131 8461
5134 8521
5136 8324
5136 9702
5138 8656
5138 9882
5141 5878
5141 8306
5145 7744
5146 7397
5150 9239
5155 9347
5159 8219
5162 7809
5163 9313
5163 9861
5165 7162
5167 9437
5168 8154
5169 7117
5169 7597
5170 9282
5172 7309
5178 8510
5178 9672
5181 7846
5183 5684
5183 7720
5186 7275
5186 8540
5190 5577
5190 6307
5190 8951
5192 5292
5192 9232
5193 7406
5193 8679
5196 9178
5198 7876
5198 9211
5201 7952
5205 5795
5207 7470
5208 9247
5212 5902
5216 5578
5221 6099
5222 9028
5223 5752
5223 8651
5226 9767
5233 9000
5237 8231
5237 8311
5241 9087
5241 9981
5242 9166
5243 8312
5246 6068
5248 6952
5249 6728
5250 6777
5254 5522
5261 8763
5270 7628
5270 9004
5270 9505
5274 5939
5274 8307
5278 8930
5278 9810
5285 8821
5289 6769
5290 9582
5291 8470
5295 6636
5295 9164
5303 5504
5303 8852
5304 9834
5306 6930
5308 7900
5309 6699
5310 6066
5314 7069
5315 8594
5316 7086
5318 6192
5319 6668
5323 7357
5324 5650
5329 6833
5330 7469
5334 6773
5339 6271
5343 8825
5343 9316
5345 7850
5346 7707
5347 7832
5353 7426
5356 9030
5358 5383
5362 8364
5362 9198
5365 7197
5365 7717
5367 9312
5371 6336
5372 8339
5373 7564
5373 9914
5374 5573
5374 6088
5379 9597
5381 7895
5381 8473
5381 9059
5382 6999
5383 8170
5389 7243
5393 6394
5393 6446
5393 8364
5395 5619
5400 5998
5401 9570
5402 6208
5405 8869
5406 6651
5406 6898
5410 9652
5413 9347
5420 6748
5421 7696
5424 8884
5425 6087
5425 9317
5426 7286
5430 5743
5430 7506
5431 7202
5434 8245
5438 9675
5442 6342
5442 6419
5444 8938
5446 6142
5446 7691
5446 8065
5448 6754
5448 6815
5454 5938
5455 8471
5455 9750
5458 6258
5458 7089
5461 8485
5467 6671
5467 7075
5471 8329
5473 6711
5477 8367
5480 8245
5482 7298
5483 7242
5483 9603
5484 9066
5485 7297
5490 8180
5491 6148
5493 6252
5496 9098
5496 9798
5510 8471
5513 5574
5514 6656
5521 8881
5524 7427
5533 7652
5535 9526
5540 6564
5540 6673
5542 6459
5542 8475
5543 8097
5545 5872
5545 5985
5547 8077
5549 5734
5549 9251
5550 5604
5551 6342
5555 9560
5555 9767
5555 9952
5556 8036
5560 5805
5564 9458
5565 7236
5565 8264
5565 9717
5566 7211
5571 7468
5572 6547
5575 8726
5578 5905
5578 7054
5585 7682
5585 8843
5592 8794
5593 8175
5597 5908
5598 8149
5599 7647
5601 9046
5602 7035
5603 8414
5604 6220
5605 8895
5605 9534
5610 8394
5613 6123
5622 6267
5629 7267
5633 9215
5634 8302
5637 9936
5640 6151
5641 6500
5641 7128
5641 7269
5643 6384
5645 8915
5646 6694
5647 9994
5650 8582
5650 9596
5652 9822
5653 7527
5654 9924
5655 5988
5657 7789
5661 6147
5661 7780
5663 9448
5664 6365
5667 9033
5670 9517
5673 9574
5674 6625
5675 8328
5675 9954
5677 9833
5678 8641
5684 8832
5688 7415
5688 7848
5690 6082
5692 6086
5693 8610
5695 6427
5695 9777
5700 6614
5702 9425
5706 5707
5709 5882
5714 7004
5717 7639
5720 7628
5725 5921
5728 5846
5728 5942
5728 7732
5728 8592
5728 8611
5729 9007
5739 8937
5740 8495
5743 7624
5748 8665
5749 7557
5757 9456
5759 7588
5760 8395
5761 7116
5762 7477
5762 8954
5763 5886
5766 8488
5767 8295
5781 7554
5781 9255
5787 9634
5788 5908
5789 7941
5795 7404
5796 6530
5798 6911
5799 9198
5808 7217
5809 6626
5809 7305
5809 9573
5814 6209
5815 6381
5815 9524
5816 7532
5817 9021
5818 6480
5819 6252
5820 7694
5823 7047
5823 7213
5826 9677
5827 9098
5830 8138
5832 6939
5835 7759
5837 6205
5838 8273
5839 6971
5844 6951
5850 8483
5853 7406
5854 8224
5855 7361
5857 9354
5859 6894
5861 6819
5861 7188
5861 9400
5864 6259
5864 8829
5865 9533
5867 8689
5870 6624
5871 6788
5873 8378
5874 8373
5875 7079
5877 7880
5878 6595
5880 7730
5880 9310
5881 7387
5886 9915
5888 6198
5888 8848
5889 6670
5889 6916
5890 9398
5896 9861
5900 6527
5901 9142
5904 6037
5914 8738
5919 6259
5923 8400
5928 7424
5929 7693
5930 9323
5931 9657
5932 8258
5942 7912
5942 9898
5953 9304
5954 6696
5955 8809
5956 7551
5959 8487
5959 9745
5960 9214
5962 8480
5964 7778
5972 9845
5975 9157
5975 9594
5985 8096
5987 7387
5992 9315
5993 6663
5997 7325
6004 8876
6009 6946
6011 7332
6012 7534
6013 6091
6014 6758
6015 7449
6020 9188
6020 9672
6028 6570
6030 6308
6037 7362
6042 8548
6044 7582
6048 9820
6050 7498
6055 7347
6056 7784
6064 6400
6064 8971
6066 9775
6067 6419
6069 7027
6070 9512
6071 8197
6071 9837
6072 6535
6074 8955
6075 8493
6079 9682
6082 7862
6087 6361
6091 6378
6097 7637
6099 7526
6101 6894
6103 9890
6110 7934
6112 8764
6119 6349
6120 7814
6126 9896
6128 6759
6129 7558
6130 6624
6130 9322
6131 8216
6132 6485
6133 6329
6140 8947
6150 8649
6153 8767
6154 7887
6155 9333
6160 8950
6161 7667
6165 9091
6166 8256
6169 7769
6171 9730
6177 7842
6182 9322
6187 6345
6187 9448
6188 6677
6189 9524
6190 6552
6190 7388
6191 6250
6196 6777
6202 8997
6209 8138
6210 8857
6221 7422
6222 6352
6222 9723
6224 7632
6224 7962
6225 9042
6229 6534
6230 9923
6231 6233
6231 6788
6236 7409
6236 7748
6238 9325
6245 6809
6247 6511
6250 7801
6253 7572
6253 7901
6256 6565
6259 8484
6260 7175
6263 9410
6264 8150
6268 9260
6270 8211
6274 8802
6275 7502
6281 7648
6282 8712
6284 9337
6289 7293
6291 7380
6294 7451
6298 7048
6302 6327
6303 6831
6306 8661
6313 8697
6319 6381
6322 7329
6328 6780
6330 8942
6340 8089
6341 7833
6342 7403
6342 7983
6345 9879
6346 7011
6349 8094
6352 9798
6358 9787
6359 6528
6361 9747
6365 6579
6372 8221
6376 6516
6380 7029
6381 6684
6383 7277
6387 9257
6388 8668
6391 8469
6393 9233
6403 7585
6404 8435
6408 9916
6409 7639
6412 7387
6412 9368
6413 7448
6415 9201
6420 9438
6421 7598
6421 8027
6421 9846
6424 9975
6425 9161
6426 9571
6427 9222
6428 7080
6430 9028
6431 7366
6433 9377
6435 8388
6436 9014
6439 7989
6444 7502
6444 8859
6447 6815
6452 6769
6457 8052
6460 7831
6460 8266
6460 9182
6460 9352
6461 9186
6464 7977
6464 8153
6472 6863
6480 9794
6481 8290
6484 9625
6488 9162
6489 6782
6493 8235
6496 9127
6497 7467
6498 7936
6501 8387
6502 7027
6505 8622
6511 8317
6517 8984
6521 9727
6529 9561
6532 6639
6534 6833
6536 7252
6536 9286
6539 8738
6545 8016
6549 6639
6552 7652
6553 7820
6556 6993
6560 8832
6564 8564
6568 7388
6570 8565
6570 9171
6571 7455
6573 7664
6573 8389
6578 6810
6579 8109
6579 8156
6579 8972
6581 7340
6586 9425
6590 8465
6598 6747
6598 9584
6601 8678
6604 8151
6604 9945
6615 7836
6615 9350
6617 9895
6621 7332
6622 6678
6623 8448
6625 8056
6625 8645
6627 9311
6631 8296
6631 9998
6632 7366
6632 8546
6634 9358
6636 9420
6640 7807
6644 9966
6646 6718
6646 8859
6655 6762
6658 8049
6660 7654
6666 7519
6666 9062
6666 9220
6673 8451
6682 8882
6683 9973
6685 7121
6685 9764
6699 8752
6707 8892
6710 9169
6714 7555
6714 9874
6715 8470
6721 7781
6721 8133
6726 7368
6733 7201
6741 9897
6746 9535
6756 9933
6757 8026
6759 7489
6763 7493
6773 9101
6775 8213
6782 8652
6805 7516
6811 9549
6818 8331
6820 8212
6820 8276
6825 8268
6825 9557
6826 9941
6833 9735
6835 7986
6836 7404
6836 8184
6836 8230
6841 7327
6842 7599
6843 6875
6843 9291
6849 7676
6851 7783
6861 9047
6866 8896
6869 7915
6871 7340
6871 8829
6877 9473
6878 9250
6879 8490
6880 8497
6891 7840
6891 8545
6895 7192
6897 8648
6897 8662
6900 8075
6901 8526
6902 8699
6904 8282
6911 9376
6923 8399
6924 9694
6925 7266
6926 7327
6928 8293
6929 9739
6935 7415
6943 9478
6943 9710
6948 8900
6948 9378
6954 8516
6958 8361
6964 7231
6979 8764
6980 7263
6981 7875
6984 8967
6984 9442
6984 9503
6985 9480
6988 9985
6990 8850
6991 9295
7004 8142
7004 8771
7007 9302
7008 8101
7008 8475
7015 7108
7015 7750
7015 9513
7017 9489
7020 8848
7028 8459
7033 9451
7040 7056
7042 7924
7043 7622
7051 8074
7059 8938
7059 9777
7064 9268
7065 7572
7065 7641
7068 9607
7070 8359
7071 8995
7074 8188
7082 7242
7088 9804
7092 9167
7094 9805
7098 7320
7105 7875
7107 8731
7109 8403
7113 7589
7127 7159
7128 8910
7136 8638
7136 9458
7138 7982
7138 8533
7140 9041
7141 8705
7142 9005
7147 9760
7153 7675
7155 8596
7156 7478
7159 9057
7160 9171
7161 8490
7167 8678
7168 7594
7168 7710
7170 8909
7177 9079
7183 7275
7189 8037
7191 8976
7198 8295
7198 8618
7199 9423
7203 7451
7207 8719
7214 9974
7225 7782
7232 7421
7240 8717
7247 7351
7248 9728
7250 8405
7250 9213
7259 9363
7259 9378
7264 9794
7266 8968
7269 7285
7270 7448
7278 8691
7279 8698
7289 8131
7293 9773
7299 9929
7300 9233
7306 7863
7315 7508
7321 7414
7321 8352
7331 8393
7333 8046
7334 8248
7336 7669
7342 9301
7346 7472
7346 9282
7347 9297
7351 7991
7353 9383
7355 8587
7357 9372
7359 9775
7362 9140
7363 8124
7364 9113
7368 7668
7371 8080
7380 7537
7383 9908
7385 7668
7386 8631
7388 8095
7392 7490
7392 9127
7395 8541
7396 9206
7403 8814
7405 8832
7407 9080
7411 7570
7416 9784
7418 8644
7419 7955
7422 7968
7425 8560
7426 8090
7428 8226
7430 9928
7437 8676
7444 9528
7462 8953
7466 7641
7468 8324
7471 9951
7479 9470
7482 7648
7483 9209
7484 9361
7487 9716
7488 8051
7490 8671
7491 9572
7496 8817
7499 8777
7505 9702
7510 7687
7515 9802
7516 8592
7517 7673
7519 9492
7520 8548
7521 9271
7527 8005
7537 8027
7537 9181
7551 7593
7557 9135
7560 9995
7569 7703
7571 7680
7575 8727
7589 8239
7590 9951
7592 9210
7598 8706
7598 8832
7608 9357
7614 8070
7615 8175
7616 9983
7617 8428
7617 9772
7627 8101
7629 8521
7633 7822
7636 8444
7643 8657
7658 7880
7661 8452
7662 8465
7664 8257
7664 9324
7667 7903
7667 9053
7675 9721
7682 8424
7682 9672
7700 7799
7704 7983
7704 9262
7705 8448
7706 8403
7709 9244
7709 9514
7711 8846
7712 9451
7717 7811
7718 8945
7718 9308
7720 9880
7736 8108
7737 8932
7741 8842
7741 8851
7753 9326
7754 8599
7756 8237
7771 9758
7777 9509
7783 8323
7797 9909
7799 8175
7799 9642
7800 7987
7803 8697
7805 9566
7806 9343
7809 8476
7818 9870
7819 9646
7827 8364
7830 8984
7833 7834
7849 9017
7852 8629
7853 8340
7854 9731
7856 9832
7866 8243
7872 9010
7873 8261
7875 8240
7877 8059
7878 9002
7879 9046
7883 9579
7884 9108
7884 9811
7889 9896
7891 8604
7893 9855
7911 8125
7920 9916
7924 8263
7928 9725
7932 8022
7933 8903
7935 9475
7936 9742
7942 9792
7944 9843
7947 8837
7947 9673
7948 9241
7954 9195
7964 8566
7966 8291
7968 8897
7973 9062
7973 9113
7984 9366
7986 9578
7991 8632
7992 9872
7995 9788
7998 9111
8002 9284
8004 8842
8004 8978
8004 9157
8011 8340
8011 9143
8013 8883
8022 9244
8032 9091
8038 8375
8041 9118
8054 8928
8055 8165
8062 9562
8064 9663
8065 8525
8067 8996
8067 9110
8072 9953
8077 9108
8082 8986
8086 9675
8086 9792
8089 8606
8096 9529
8110 9518
8113 9368
8117 8465
8118 9027
8124 8578
8126 8264
8130 9214
8135 9438
8137 9634
8140 9604
8142 9002
8146 9739
8149 9389
8159 9714
8183 8869
8184 9100
8191 8596
8194 9406
8198 9189
8203 9045
8204 8340
8228 9916
8229 9807
8233 8989
8241 9689
8243 9160
8246 9390
8252 9397
8282 8791
8282 9854
8287 8864
8293 9545
8293 9593
8299 9154
8301 9668
8337 8516
8343 9727
8349 8575
8354 8575
8356 9989
8357 9368
8366 8927
8370 9505
8382 9232
8387 9528
8387 9693
8387 9765
8391 9124
8392 9625
8400 9049
8401 8527
8422 9848
8424 9457
8429 9912
8440 9359
8457 9721
8499 9215
8500 9153
8505 8689
8511 9434
8512 8712
8519 9005
8526 9530
8530 9127
8531 9429
8531 9626
8533 9029
8535 9046
8538 9708
8540 9451
8549 8882
8552 9568
8558 9188
8558 9535
8569 9970
8575 9055
8584 9620
8585 9688
8586 9888
8602 9991
8603 8673
8606 9958
8608 8871
8612 8854
8624 9253
8646 9007
8655 9011
8658 9431
8684 9504
8692 9966
8705 8721
8705 9338
8714 9886
8720 9885
8727 9131
8749 8919
8751 9815
8764 9678
8772 8780
8778 9177
8784 9938
8790 9122
8796 8862
8797 8932
8818 9062
8821 9926
8827 9154
8833 9184
8842 9483
8861 9173
8862 9301
8877 9971
8882 8941
8882 9216
8892 9828
8897 9645
8909 9238
8913 9292
8919 9701
8929 9838
8933 9943
8962 9111
9023 9556
9049 9625
9054 9273
9057 9535
9058 9317
9065 9434
9072 9513
9078 9418
9083 9444
9096 9907
9110 9827
9118 9871
9143 9539
9144 9443
9160 9380
9168 9733
9169 9254
9205 9667
9206 9446
9323 9673
9325 9700
9344 9852
9345 9931
9356 9612
9372 9462
9409 9556
9454 9788
9477 9694
9521 9859
9630 9675
9683 9914
9714 9787
9736 9815
9743 9851
9773 9918
9800 9829
9888 9924
